10 20 100
6 12 6 4 15 11 10 5 7 8
360342 250077 744122 317058 309729 320881 725659 695676 593449 184062 726206 61942 349683 586018 801997 145432 205403 513995 109640 71723
5 7 35476
7 6 86107
9 3 39262
9 1 80241
5 1 88638
0 3 82313
4 5 22159
8 9 39457
2 9 62782
0 2 4 11
0 4 0 5
1 4 6 10
0 8 1 4
1 4 0 5
5 2 9 863050
1 4 4 10
1 4 9 7
0 11 6 2
1 11 1 2
1 4 3 4
1 2 7 1
0 9 2 1
1 2 4 8
0 15 9 7
0 17 8 6
0 13 6 6
1 11 0 6
0 0 3 2
1 8 7 5
0 3 7 3
0 19 1 8
1 9 0 1
1 17 3 4
0 12 0 2
0 5 9 2
0 14 6 3
0 16 6 9
0 1 3 2
0 6 1 12
0 10 1 12
0 18 1 5
0 7 7 4
1 3 4 11
1 7 8 3
1 11 8 1
1 8 0 5
1 2 0 6
1 12 3 2
1 19 0 3
1 13 1 8
1 16 9 3
1 10 2 4
1 3 3 4
1 3 7 3
1 18 7 3
2 8 81406916
3 3 135934062
2 7 216036039
5 9 1 798397
1 10 1 7
1 9 0 1
1 5 3 4
1 8 2 6
1 13 1 1
1 8 2 4
1 1 0 4
2 9 289165750
1 6 7 3
1 17 8 5
1 19 8 7
1 14 9 5
1 8 0 3
2 3 296966440
1 6 2 2
1 14 8 6
1 19 2 1
1 8 5 8
1 8 9 3
1 13 8 1
1 8 9 2
1 13 6 1
1 19 1 12
1 17 9 3
1 17 6 8
1 17 6 9
1 17 4 10
1 14 8 5
5 9 1 291645
1 8 4 3
1 13 4 5
2 2 361558412
1 14 3 2
1 13 6 5
2 1 395171061
1 8 8 7
2 8 472230655
2 3 541059929
1 9 9 7
1 9 8 1
1 17 6 8
1 13 0 2
1 1 4 4
1 2 8 5
5 0 3 369056
1 2 8 7
2 0 588941025
2 4 656574899
1 17 0 2
4 659576870
